418070215
252985394
535983095
505159190
904992891
978905351
489850814
221890820
137354371
994935997
900117509
973957199
939994074
200509143
085840875
292741491
104335992
895897789
994033422
949935913
470818289
912973839
217509450
304419839
350912090
701251997
180098035
314778189
709298742
183487934
782207008
872753723
987023770
287984410
577005495
559359195
371989130
594529358
727018394
304490943
292901978
952799393
322891949
159887783
983340449
139237895
925949948
453997915
272294899
789741849
947794244
979923914
810291523
571929439
831590235
902289057
144038881
071222522
292939899
217127209
409743873
092891574
930917414
321912275
787120205
914359574
897944093
422210540
299824519
094249575
913521291
383900223
420238348
432012120
909853335
254920192
014892448
425512745
795929101
922011815
199844791
354149794
117339997
908318491
430799753
928589009
040779832
341175002
171851343
972792953
953999934
435994217
757987594
884424794
028419710
507180952
532943408
144793227
741291199
945073410
498887571
228978822
249984085
293379794
095197318
239941742
999989509
372729249
542424712
405850849
585787417
141281729
429399902
818599200
935587129
187303070
199599479
784271909
139015758
413324939
497039927
727529294
894924712
428819351
115919873
489987743
104920219
940579950
597804778
259081849
548589293
455921913
282509031
495773494
399812583
922353522
200994504
804952912
559998333
127932549
734808719
983375928
173317822
893229503
988279950
918190599
589549982
420122540
944912320
847415529
994879542
102780991
725109391
305095201
423097335
399220598
580707903
517429378
191995719
919887048
934799859
444725398
108135399
811283417
995899150
133905538
893935995
927392904
393574910
094959994
437592914
087913270
119919974
322019894
442953338
293721707
217219310
195739894
277587949
323138997
923239139
789913442
529942371
232980881
949427297
901999584
098993339
445321333
299731979
193811844
442139109
911722810
784994925
022595127
902108925
998980309
278334078
278925290
959594172
349321542
079702042
051905727
953849004
503709482
259288008
973971724
250990799
519951230
073028948
127941898
200992539
759945722
999299385
915128909
855214980
191903832
378719942
111055331
052719982
908387511
499507988
811519939
384074052
421379939
538471932
002742598
733489953
791503198
984144945
855895782
025504958
903130440
151329824
792953224
901394219
959352037
455054924
859921057
500729993
892718988
077339588
571828477
942747971
300931595
389599812
559983953
199013398
949983753
940319229
081583392
940723907
513973044
598359139
919995390
927310148
239518890
940880908
805435039
783459499
495308319
199200295
289429378
233979024
309254873
809271194
259525443
903718710
939932739
051252977
992919808
072520718
482209882
298927225
819937079
773711938
052135913
894777342
182449525
494445999
005598221
154530928
479429885
841290585
159429831
359592320
478589951
900298523
434827149
503173971
585441927
941155312
290030492
157289758
539749940
710289338
059442947
109555211
852987482
997313229
330398094
418909302
944298493
511129191
854238379
317975372
997992093
212987474
858232455
924725059
420989905
430991909
591129483
293591904
382210384
292482219
235055759
040974257
292988248
207445001
743750935
133391398
275420295
333075790
778254098
139124052
590185855
244585492
191751073
479384185
529910339
251451977
995109792
784919091
872003855
999999928
220295989
883231143
154243171
717155794
878459540
971914012
522348215
002297824
999380419
039105204
339499904
983193219
129983707
199085990
995254900
982719104
792552322
213517527
892048240
914549750
102479441
971924927
997277521
279292284
454047031
001881497
793133252
817419104
573709154
515270120
797102198
770525733
498010298
403023202
424820599
092970029
377577379
959997824
100181972
414404433
502107403
198873919
499313289
400050929
099900232
929195998
015180492
195857198
058719151
143995909
210992095
491538355
495374903
244949508
027092045
515091108
299589305
110919599
795737971
187722025
955359417
897793970
801151291
921053584
734914273
893944104
092238915
574423879
179038085
092142130
303497090
479089104
721331138
130891944
017158208
599982988
272138752
229200597
779700089
271937904
724894192
851193831
748275722
590831081
899999310
984171379
252184985
719559332
905849193
209811143
877755597
055357519
578922899
398820323
987274889
795004981
849733108
959798819
092925018
371975851
291227080
098203735
792189859
771984499
970593332
597959825
047991330
408311343
959142052
293910399
332358208
419080275
525772389
413492957
102590319
032839495
417459223
772471970
009815981
328023315
302442948
578717557
443080491
519377332
949322842
737424783
571857275
485703193
438193155
250129839
959774320
899399798
899154251
303792805
499234249
141259911
388592175
199333912
775538131
258259488
098431559
830857954
498129188
078995410
917598049
059737894
159993542
954301959
287222457
902219015
451387727
994979210
241499507
753347589
992283990
228815117
201905508
820859339
097199120
925719230
917124400
193987379
993794959
529941997
091390909
743731404
094334947
203554589
782953027
915129890
335814895
023991257
870879289
054851997
780522839
135231440
109978510
740972313
949882878
773173354
113331507
148495089
059159453
054849898
180175945
939539947
792579481
429922843
019142899
399850494
499027229
794543425
972971281
130015525
918723998
887855200
389912382
421118399
558494249
789993717
397105952
581574188
948112985
293598759
970572539
199202555
795234997
247019577
044393885
997951009
831420989
475799903
793780412
348713731
317995833
085978083
477357491
099985207
809411845
113499408
052983443
893130243
741940997
002521902
520900921
331939101
171891410
484070209
249300314
497779037
087094993
525907088
772472995
329398012
881810894
505128490
439449599
127021809
457742410
044079557
412189925
981259213
777952799
445792099
591731000
775499037
355790555
189970227
349189995
994414777
498329425
985058520
942922392
302370347
387885705
950917991
985509112
949725837
883307592
027844489
771397848
340114399
923039428
814298317
732989952
399009297
959334918
430991083
740528807
299984397
421104599
149893014
977550700
005355994
710897973
414824493
898823448
917858470
042010925
898132883
709749819
374192111
547592781
752543439
189815701
973933894
748578751
949389154
185328591
555881399
394228529
979030584
983913900
185245405
119901942
395559288
199599891
412829159
599330491
953290909
909989913
044147713
350974504
347709327
943352745
975231509
159914574
204831280
949744984
014573894
919189102
532428039
908382247
539393937
923344839
349845121
759901213
942997025
917120944
579970782
024589919
910329889
022818115
478935327
771179514
154525974
795279010
250940079
382170199
348411598
522549895
729150102
737937902
928541885
729945252
177417139
280150929
240112871
225933340
918994740
407875110
032831139
070042997
724909122
297047033
928032223
578422242
997857192
509827322
298233991
098180319
347281489
758539390
542389972
215557792
802203252
921244583
830595795
908583457
939749749
534984992
727785725
084349553
984552025
273482929
038895250
957445939
191721499
229975110
197539228
123415229
149554482
225344234
803529880
291041057
341995584
498977034
023171924
299938779
988540943
995381552
973978035
985148031
972772047
092872142
571058488
998217403
053573799
840394507
987890153
203021210
799140018
943134541
188850511
948839732
914533589
729703943
925414397
298923954
059894527
109952138
921074504
704970983
925351281
578921039
538503704
875924490
327377047
159959974
992457935
017387709
403712208
394771094
335041739
485917032
744597019
088195413
919950083
289189453
587987194
019731980
304320301
807959424
088492293
875525003
172747897
440817488
292574853
990992438
932833489
721249017
980739114
157971308
009530039
074891928
887099581
378880995
920099080
909371197
548108979
037998491
729125354
533133459
871182048
099933989
513892389
159088895
751172222
508753579
348994905
380514890
029104594
121951010
737322408
919400121
227499094
230999808
498949019
234959933
882947225
389944997
928902319
741793981
459357094
833991421
549888829
378931579
900080459
027372842
291817907
817450974
914777225
424983548
877114759
819505845
037157999
801191587
527772507
925839887
375389924
199854485
054215503
404871940
859278701
839590819
017432553
427489998
253415341
019215339
493118074
004791599
395430338
750998445
525192399
159199305
399494497
908873001
144992325
794711144
218334994
904018049
198247922
138430844
373973773
209018583
489800957
542237912
881545929
820210859
090132243
393455094
459995094
979259942
924920990
284391530
582889927
550948545
118238915
090132259
489295780
445338749
351472059
279110783
449427833
593982838
500721939
341939879
299992845
598240019
529499252
279908904
290839498
529999142
109974097
134877002
570313715
491435430
049292974
202958059
870999892
098259491
039898825
998871940
253843355
135001971
029213474
939377937
294418532
501898189
957189399
848013242
155749835
895850579
177593148
904125411
979078838
744417898
725347530
517984072
837473588
513979088
732015025
518759781
442912123
207979872
111085512
991705194
305218372
809981159
935214429
732875829
497990433
732804584
380002509
021720545
778311820
773324991
492975589
739818700
094744148
879892708
139929089
230707953
798993920
042331074
707342999
499304431
388993723
127971598
142559870
528885180
138100849
347199929
222702442
947930038
003921829
903315852
908511342
113703989
072138894
039951359
854912048
885488382
715429499
285281799
022258994
254049794
253818820
274833373
250782322
599189081
025381593
071993547
718238913
880041075
893529300
387979577
859435290
944423199
252902189
518119437
019922914
338982094
227185834
898209491
922999239
393851199
458991934
199319597
182039845
912990539
495079435
919729033
950999425
959205898
193950552
199557397
497785388
430555809
198838907
427449504
329507019
835344792
315233175
392083127
478595513
154279821
101595259
190359907
124099371
552500191
998031343
554710404
375903187
995951359
893073899
879287802
971944141
178295294
939495102
088809958
918557820
299471519
030953217
977979188
