418070215
252985394
535683095
505159160
904662891
678605351
486850814
221890820
137354371
994935967
900117509
973657169
936694074
200509143
085840875
292741461
104335662
865897786
994033422
946935913
470818289
912673839
217506450
304416836
350912060
701251667
180098035
314778189
706298742
183487934
782207008
872753723
987023770
287684410
577005465
559359195
371689130
594529358
727018394
304460643
292601978
952799363
322891649
159887783
683340449
136237895
625649948
453967615
272264869
789741849
647794244
976923614
810261523
571926436
831560235
602286057
144038881
071222522
262936866
217127209
409743873
062891574
930617414
321912275
787120205
914359574
867944063
422210540
296824519
064246575
913521261
383600223
420238348
432012120
906853335
254920192
014862448
425512745
795626101
922011815
169844761
354146764
117339997
908318461
430799753
928589009
040776832
341175002
171851343
672762653
653996634
435664217
757987594
884424794
028416710
507180952
532643408
144763227
741261196
645073410
468887571
228678822
249984085
293379794
095197318
236641742
966989506
372726249
542424712
405850846
585787417
141281726
429396602
818569200
635587126
187303070
166596479
784271909
139015758
413324636
467036927
727529264
864624712
428816351
115916873
489687743
104920216
940576650
567804778
259081846
548586263
455921913
282506031
495773464
369812583
622353522
200964504
804652912
556668333
127932549
734808716
983375928
173317822
863226503
988279950
618160599
589549682
420122540
944612320
847415529
664879542
102780661
725106361
305095201
423097335
369220568
580707903
517429378
191665716
916887048
634799856
444725368
108135399
811283417
695896150
133905538
863635965
927392904
363574910
064656664
437592614
087913270
116916674
322016894
442653338
263721707
217219310
165739864
277587649
323138697
923239136
786913442
529942371
232980881
946427297
901999584
068993336
445321333
299731979
193811844
442136109
611722810
784694925
022565127
602108925
698680306
278334078
278625290
956594172
346321542
076702042
051905727
953846004
503709482
256288008
973971724
250690769
516651230
073028648
127641898
200662536
759945722
666299385
615128906
855214680
161603832
378716642
111055331
052719982
908387511
466507988
811516636
384074052
421376636
538471932
002742598
733489953
761503168
984144645
855865782
025504658
903130440
151329824
762953224
901394216
659352037
455054924
856921057
500726963
862718688
077339588
571828477
642747671
300631565
386569812
556683953
166013398
649683753
940319226
081583362
640723607
513973044
598359136
616965360
627310148
239518860
940880908
805435036
783456469
465308316
166200295
289426378
233676024
309254873
806271164
259525443
603718710
636632739
051252977
992919808
072520718
482209882
268627225
816937076
773711638
052135613
864777342
182446525
494445966
005568221
154530928
479426885
841260585
159426831
356562320
478586651
600298523
434827146
503173671
585441927
641155312
260030462
157286758
539749940
710289338
059442647
109555211
852987482
967313226
330398064
418606302
644268493
511129161
854238379
317975372
997662093
212687474
858232455
924725056
420986905
430991609
591129483
263561604
382210384
292482216
235055759
040674257
292988248
207445001
743750635
133361398
275420295
333075790
778254068
139124052
560185855
244585492
161751073
479384185
526910336
251451677
695109792
784619091
872003855
966669628
220265689
883231143
154243171
717155794
878456540
971914012
522348215
002267824
696380416
039105204
339466904
983193216
126983707
166085990
665254900
682719104
762552322
213517527
862048240
614549750
102476441
971924627
667277521
279292284
454047031
001881467
763133252
817419104
573709154
515270120
797102198
770525733
468010298
403023202
424820599
092970026
377577379
659967824
100181672
414404433
502107403
168873619
499313286
400050929
069600232
629165668
015180492
195857168
058719151
143965609
210692095
461538355
495374603
244646508
027092045
515061108
269589305
110619599
795737671
187722025
955356417
867793670
801151291
621053584
734614273
893644104
062238915
574423879
176038085
092142130
303467060
476086104
721331138
130891644
017158208
599982688
272138752
229200567
776700086
271937904
724894192
851193831
748275722
560831081
866696310
984171376
252184685
716559332
905849163
209811143
877755597
055357516
578922899
398820323
987274889
795004981
846733108
656768819
062625018
371675851
261227080
068203735
762189859
771684469
970593332
597659825
047691330
408311343
956142052
293910399
332358208
416080275
525772386
413462957
102560319
032839465
417459223
772471670
009815681
328023315
302442948
578717557
443080461
516377332
649322842
737424783
571857275
485703163
438163155
250126839
959774320
869396798
866154251
303792805
469234246
141259911
388562175
199333612
775538131
258259488
068431559
830857654
468129188
078965410
917598046
059737864
156993542
654301959
287222457
902216015
451387727
664679210
241466507
753347586
962283960
228815117
201905508
820856339
097196120
925719230
917124400
193687376
993794659
526641967
061360906
743731404
094334647
203554589
782953027
915129860
335814895
023661257
870879286
054851997
780522836
135231440
109678510
740972313
649882878
773173354
113331507
148495086
059159453
054849868
180175645
936539647
762579481
426622843
019142896
369850494
496027229
794543425
672971281
130015525
618723698
887855200
386612382
421118399
558494249
786963717
367105652
581574188
948112685
263568759
670572536
196202555
795234667
247019577
044363885
697651006
831420689
475799603
763780412
348713731
317665833
085678083
477357491
066685207
809411845
113469408
052983443
893130243
741940697
002521902
520600621
331636101
171891410
484070206
246300314
467779037
087094663
525607088
772472665
326368012
881810894
505128490
436449566
127021809
457742410
044076557
412186925
681256213
777952766
445762099
561731000
775466037
355760555
189970227
349189695
694414777
498329425
985058520
942622392
302370347
387885705
650617991
685506112
646725837
883307562
027844489
771397848
340114366
623039428
814298317
732686652
366009267
659334618
430691083
740528807
299984367
421104599
149863014
677550700
005355664
710867673
414824493
868823448
617858470
042010925
898132883
709746819
374162111
547592781
752543436
186815701
673633864
748578751
649389154
185328561
555881396
394228526
979030584
683613600
185245405
119901942
395559288
169599891
412829156
596330461
953260909
609986613
044147713
350674504
347706327
643352745
675231509
159614574
204831280
946744684
014573894
616189102
532428036
908382247
536363937
623344839
349845121
756901213
642997025
917120944
579670782
024589616
610329889
022818115
478635327
771179514
154525974
765276010
250940079
382170166
348411568
522549895
729150102
737637602
928541885
729645252
177417139
280150626
240112871
225633340
618694740
407875110
032831136
070042667
724909122
267047033
628032223
578422242
967857162
506827322
268233961
098180319
347281489
758536360
542386972
215557762
802203252
921244583
830595765
908583457
636746749
534684992
727785725
084349553
984552025
273482929
038865250
957445639
191721496
229675110
197536228
123415229
149554482
225344234
803529880
261041057
341995584
498677034
023171624
266638776
988540943
965381552
973678035
985148031
672772047
062872142
571058488
968217403
053573769
840394507
687860153
203021210
766140018
643134541
188850511
948836732
614533586
726703943
925414367
268923654
059894527
106952138
621074504
704970983
925351281
578621039
538503704
875924460
327377047
159956674
692457935
017387709
403712208
364771094
335041739
485617032
744567016
088165413
916650083
286189453
587687164
019731680
304320301
807959424
088462263
875525003
172747867
440817488
262574853
660662438
932833486
721249017
680736114
157671308
006530036
074861928
887096581
378880995
620099080
609371197
548108976
037998461
729125354
533133456
871182048
099933689
513862389
159088865
751172222
508753579
348694605
380514890
026104594
121651010
737322408
619400121
227499064
230699808
498946016
234659933
882647225
386644997
928902319
741763981
459357094
833661421
546888829
378931579
900080459
027372842
261817607
817450974
614777225
424983548
877114759
819505845
037157996
801191587
527772507
625839887
375386624
169854485
054215503
404871640
856278701
836590819
017432553
427489668
253415341
019215336
493118074
004791569
395430338
750998445
525192369
159166305
396494497
908873001
144662325
794711144
218334694
604018046
198247622
138430844
373973773
206018583
486800657
542237912
881545929
820210859
090132243
363455094
456995094
976259942
924920990
284361530
582889627
550648545
118238615
090132259
486265780
445338746
351472059
279110783
446427833
593682838
500721636
341636879
296992845
598240019
529499252
279608604
290839468
526996142
109674067
134877002
570313715
491435430
049262974
202658056
870699862
068259461
036898825
668871640
253843355
135001671
026213474
939377937
264418532
501898186
657189366
848013242
155746835
895850579
177563148
904125411
679078838
744417898
725347530
517684072
837473588
513679088
732015025
518756781
442912123
207676872
111085512
661705164
305218372
809681156
935214426
732875826
467960433
732804584
380002509
021720545
778311820
773324961
492675589
736818700
064744148
879892708
136929089
230707953
798663620
042331074
707342666
496304431
388693723
127671598
142559870
528885180
138100846
347196926
222702442
647630038
003921829
603315852
608511342
113703989
072138864
036951356
854612048
885488382
715426499
285281799
022258694
254049764
253818820
274833373
250782322
599189081
025381593
071963547
718238613
880041075
863529300
387676577
859435260
944423199
252902189
518119437
019922614
338982064
227185834
898209491
922666239
393851196
458661634
169316567
182036845
912960539
465079435
916729033
950699425
656205868
163950552
169557367
467785388
430555806
168838907
427449504
326507019
835344762
315233175
362083127
478595513
154279821
101595256
190359907
124099371
552500161
698031343
554710404
375603187
695651356
893073869
879287802
971644141
178265294
636495102
088809958
618557820
269471516
030653217
977976188
